# oST version 5.0 parameters

[image]

width
640

height
368

[narrow_stereo]

camera matrix
375.214317 0.000000 319.857299
0.000000 384.538932 194.202272
0.000000 0.000000 1.000000

distortion
-0.005162 -0.029709 0.003760 -0.001841 0.000000

rectification
1.000000 0.000000 0.000000
0.000000 1.000000 0.000000
0.000000 0.000000 1.000000

projection
366.831940 0.000000 317.635200 0.000000
0.000000 382.205658 194.796168 0.000000
0.000000 0.000000 1.000000 0.000000
